
strategic_region={
	id=14
	name="STRATEGICREGION_14"
	provinces={
		2201 2202 2203 2205 2206 2207 2208 2209 2210 2211 2212 2213 2214 2215 2216 2217 2222 2223 2225 2231 2236 2237 2238 2245 2253 2260 2266 2267 2268 2271 2272 2273 2278 2282 2289 2290 2291 2295 2308 2309 2323 2327 2328 2329 2339 2375 2380 2384 2385 2387 2388 2395 2398 2401 2402 2403 2407 2412 2417 2425 2426 2430 2434 2437 2440 2441 2442 2447 2448 2449 2454 2457 2461 2467 2468 2473 2474 2475 2498 2501 2506 2507 2513 2514 2519 2541 2542 2548 2553 2556 2557 2558 2563 2565 2576 2578 2617 2624 2636 2637 2638 2642 2645 2650 2659 2675 2685 2688 2698 2710 2711 2721 2753 2754 2773 2786 2787 2804 2810 2824 2852 2855 2874 2893 2904 2913 2917 2948 2967 3010 3011 3013 3040 3082 3083 3094 
	}
	weather={
	}
}
