
strategic_region={
	id=16
	name="STRATEGICREGION_16"
	provinces={
		2862 2937 2952 2956 2957 2966 3008 3039 3046 3071 3072 3091 3099 3105 3110 3147 3153 3154 3160 3166 3171 3172 3182 3183 3210 3211 3217 3234 3239 3251 3252 3269 3276 3277 3278 3279 3290 3295 3314 3315 3316 3327 3347 3350 3351 3352 3355 3356 3361 3362 3368 3374 3377 3380 3381 3390 3399 3408 3416 3451 3474 3476 3482 3484 3486 3487 3495 3500 3505 3506 3507 3516 3551 3552 3563 3576 3583 3586 3602 3620 3629 3635 3646 3652 3656 3662 3663 3676 3697 3713 3725 3750 3751 3767 3768 3769 3795 3796 3806 3819 3823 3834 3852 3853 3865 3866 3867 3868 3885 3902 3905 3906 3922 3944 3946 3957 3971 5473 5600 
	}
	weather={
	}
}
