
strategic_region={
	id=18
	name="STRATEGICREGION_18"
	provinces={
		1395 1396 1428 1524 1534 1543 1548 1554 1568 1601 1614 1633 1642 1648 1652 1653 1663 1670 1674 1675 1676 1680 1681 1690 1696 1715 1716 1723 1724 1725 1730 1734 1737 1738 1755 1761 1763 1767 1768 1770 1771 1772 1778 1779 1782 1787 1788 1791 1792 1793 1794 1804 1805 1808 1817 1821 1822 1823 1824 1831 1832 1837 1839 1844 1849 1860 1867 1881 1882 1883 1884 1885 1886 1887 1888 1889 1891 1894 1895 1897 1898 1905 1912 1916 1924 1932 1933 1940 1945 1946 1948 1954 1955 1961 1973 1974 1978 1979 1986 1987 1990 1991 1997 1998 2002 2005 2009 2014 2015 2019 2024 2025 2034 2035 2042 2047 2048 2051 2052 2055 2056 2065 2069 2081 2082 2087 2101 2109 2110 2112 2118 2122 2123 2130 2133 2136 2140 2141 2142 2144 2145 2146 2147 2150 2158 2163 2167 2170 2174 
	}
	weather={
	}
}
