
strategic_region={
	id=20
	name="STRATEGICREGION_20"
	provinces={
		630 669 672 674 675 679 680 682 687 689 691 696 697 698 706 711 714 715 717 732 756 757 761 762 764 765 766 767 768 773 775 793 794 795 812 813 815 818 821 822 823 826 835 838 839 842 843 854 855 861 862 866 867 870 872 876 877 881 883 892 902 903 904 907 908 910 911 915 920 923 924 934 935 936 939 941 948 950 954 955 960 964 976 984 985 994 997 1000 1001 1004 1007 1008 1022 1023 1024 1025 1027 1032 1033 1039 1048 1051 1054 1063 1066 1067 1071 1072 1087 1094 1096 1103 1111 1113 1117 1119 1124 1127 1138 1139 1144 1145 1148 1149 1151 1152 1164 1165 1166 1183 1189 1214 1223 1224 1225 1226 1234 1235 1238 1239 1241 1247 1249 1250 1255 1265 1269 1274 1275 1277 1280 1294 1300 1301 1324 1331 1339 1347 1349 1350 1352 1355 1364 1365 1373 1376 1383 1390 1415 1416 1432 1434 1441 1458 1459 1465 1466 1467 1475 1476 1483 1484 1491 1492 1498 1501 1503 1506 1507 1518 1520 1541 1551 1558 1559 1566 1567 1573 1575 1579 1588 1599 1613 1619 1623 1626 1627 1631 1635 1647 1649 1664 1666 
	}
	weather={
	}
}
