
strategic_region={
	id=22
	name="STRATEGICREGION_22"
	provinces={
		2192 2193 2195 2200 2230 2233 2234 2235 2241 2242 2243 2249 2250 2251 2252 2256 2257 2258 2259 2264 2265 2270 2277 2280 2281 2288 2297 2299 2302 2304 2307 2313 2314 2316 2319 2320 2321 2322 2324 2325 2326 2332 2333 2337 2338 2373 2374 2379 2383 2396 2404 2405 2406 2411 2414 2416 2420 2421 2422 2423 2424 2427 2432 2433 2435 2438 2445 2450 2456 2460 2466 2472 2486 2487 2488 2497 2504 2505 2510 2518 2524 2529 2530 2533 2539 2540 2545 2546 2547 2552 2554 2555 2561 2562 2575 2577 2592 2597 2598 2599 2603 2607 2616 2623 2632 2633 2635 2655 2656 2661 2662 2669 2670 2673 2674 2683 2687 2695 2697 2707 2713 2719 2733 2737 2739 2745 2749 2751 2752 2767 2783 2785 2799 2809 2828 2832 2833 2839 2847 2850 2858 2876 2884 2885 2892 2932 2933 2934 2935 2936 2943 2968 3007 3012 3021 5472 
	}
	weather={
	}
}
