
strategic_region={
	id=23
	name="STRATEGICREGION_23"
	provinces={
		1713 1714 1719 1720 1721 1722 1727 1728 1729 1733 1742 1743 1744 1745 1746 1747 1748 1750 1751 1753 1754 1764 1765 1766 1777 1786 1789 1790 1798 1799 1814 1815 1820 1826 1835 1836 1841 1842 1854 1855 1856 1858 1859 1864 1865 1866 1869 1870 1876 1877 1878 1879 1880 1890 1893 1901 1902 1903 1904 1917 1918 1919 1922 1923 1925 1930 1931 1947 1952 1953 1967 1970 1971 1972 1975 1977 1981 1983 1984 1985 1988 1989 1996 2004 2008 2012 2013 2016 2017 2018 2021 2022 2023 2031 2033 2039 2040 2041 2046 2064 2068 2073 2074 2079 2080 2086 2093 2094 2098 2099 2100 2106 2107 2108 2111 2115 2120 2121 2127 2128 2129 2131 2135 2137 2138 2139 2143 2148 2149 2151 2152 2156 2157 2159 2160 2162 2165 2166 2168 2169 2173 2177 
	}
	weather={
	}
}
