
strategic_region={
	id=24
	name="STRATEGICREGION_24"
	provinces={
		599 622 737 738 739 740 748 749 750 755 788 797 798 801 802 804 805 817 848 858 859 875 880 891 918 919 932 947 949 952 959 972 974 993 1010 1019 1026 1028 1029 1042 1043 1046 1057 1058 1062 1070 1091 1110 1121 1126 1130 1136 1142 1143 1175 1191 1192 1201 1202 1208 1218 1219 1222 1254 1259 1279 1315 1323 1326 1328 1330 1337 1346 1382 1401 1410 1414 1419 1427 1438 1472 1473 1502 1531 1532 1533 1546 1572 1578 1596 1607 1608 1660 1661 
	}
	weather={
	}
}
