
strategic_region={
	id=25
	name="STRATEGICREGION_25"
	provinces={
		586 618 619 629 652 686 705 710 730 731 741 742 743 744 745 746 747 752 753 754 789 792 800 807 811 825 827 828 829 834 836 841 847 851 852 853 860 874 896 901 905 914 916 917 927 931 944 953 973 975 995 1012 1013 1015 1016 1047 1056 1061 1086 1099 1100 1101 1102 1112 1120 1123 1129 1135 1161 1162 1163 1173 1174 1182 1213 1232 1257 1258 1263 1264 1266 1268 1271 1273 1281 1313 1314 1320 1322 1338 1340 1357 1358 1363 1372 1380 1381 1386 1406 1407 1421 1422 1426 1445 1446 1450 1454 1455 1463 1464 1474 1482 1488 1489 1490 1497 1505 1515 1516 1519 1563 1574 1593 1598 1606 1618 1629 1630 1638 1641 1665 1673 1684 1685 
	}
	weather={
	}
}
