
strategic_region={
	id=26
	name="STRATEGICREGION_26"
	provinces={
		3994 3995 4007 4010 4011 4012 4013 4017 4037 4089 4100 4101 4104 4105 4106 4174 4175 4176 4177 4181 4182 4190 4227 4230 4242 4255 4264 4265 4269 4270 4271 4277 4303 4306 4317 4323 4334 4368 4369 4371 4372 4378 4393 4394 4395 4423 4428 4440 4447 4448 4449 4450 4451 4459 4479 4501 4502 4510 4519 4526 4539 4542 4543 4544 4545 4546 4584 4593 4614 4620 4630 4631 4635 4636 4639 4645 4713 4714 4717 4718 4719 4720 4771 4784 4791 4792 4793 4846 4854 4855 4868 4869 4883 4938 4945 4969 4991 5004 5019 5020 5038 5061 5072 5094 5107 5118 5122 5245 5317 
	}
	weather={
	}
}
