
strategic_region={
	id=27
	name="STRATEGICREGION_27"
	provinces={
		2471 2640 2641 2654 2660 2682 2702 2705 2706 2781 2794 2803 2821 2822 2827 2866 2882 2883 2890 2891 2898 2911 2915 2921 2942 2955 2978 2979 2982 2983 2987 3001 3006 3024 3025 3051 3052 3053 3056 3057 3058 3068 3077 3088 3103 3104 3133 3144 3145 3146 3170 3179 3202 3203 3204 3209 3230 3236 3263 3264 3298 3301 3302 3306 3326 3331 3367 3386 3398 3402 3403 3406 3407 3450 3467 3475 3481 3490 3494 3499 3534 3547 3548 3560 3561 3572 3590 3616 3617 3618 3619 3625 3634 3651 3679 3684 3731 3732 3738 3776 3782 3787 3830 3832 3833 3843 3850 3858 3859 3912 3913 3949 3950 3965 3983 
	}
	weather={
	}
}
