
strategic_region={
	id=29
	name="STRATEGICREGION_29"
	provinces={
		4191 4198 4199 4200 4201 4202 4203 4206 4207 4211 4223 4239 4285 4291 4292 4296 4300 4301 4302 4331 4380 4381 4392 4397 4398 4399 4422 4425 4445 4493 4494 4513 4514 4515 4517 4518 4533 4534 4548 4570 4583 4586 4587 4599 4600 4601 4608 4610 4619 4624 4650 4673 4676 4677 4678 4679 4680 4684 4688 4689 4690 4697 4701 4703 4704 4723 4740 4746 4747 4748 4756 4757 4761 4764 4765 4766 4770 4775 4783 4794 4795 4797 4798 4799 4808 4812 4841 4844 4850 4857 4859 4875 4876 4893 4894 4900 4904 4907 4916 4926 4933 4964 4965 4967 4974 5014 5037 5043 5070 5076 5177 
	}
	weather={
	}
}
