
strategic_region={
	id=30
	name="STRATEGICREGION_30"
	provinces={
		2331 2397 2431 2459 2470 2496 2571 2572 2573 2574 2591 2606 2649 2681 2691 2692 2694 2701 2704 2736 2744 2760 2797 2798 2808 2820 2826 2831 2838 2860 2881 2889 2902 2930 2931 2951 2965 2977 2981 2995 2999 3000 3020 3034 3038 3041 3042 3045 3075 3076 3137 3138 3140 3141 3158 3159 3193 3208 3212 3222 3233 3238 3243 3249 3250 3297 3305 3310 3311 3324 3346 3360 3376 3379 3383 3384 3385 3387 3396 3413 3418 3445 3455 3461 3465 3469 3489 3493 3496 3520 3521 3525 3533 3566 3582 3589 3605 3624 3633 3637 3641 3645 3650 3672 3675 3683 3728 3729 3730 3737 3743 3766 3775 3792 3797 3798 3805 3817 3818 3842 3856 3857 3864 3881 3911 3916 3917 3921 3953 3954 3956 3959 3964 3973 3990 3991 4016 4034 4036 4042 4117 4119 4120 4121 4122 4124 4125 4160 4165 4186 
	}
	weather={
	}
}
