
strategic_region={
	id=31
	name="STRATEGICREGION_31"
	provinces={
		4473 4474 4475 4476 4477 4478 4484 4485 4486 4487 4496 4554 4557 4558 4559 4560 4561 4566 4567 4568 4569 4577 4580 4623 4626 4627 4643 4644 4649 4654 4660 4661 4667 4668 4669 4670 4709 4711 4712 4716 4725 4730 4744 4745 4753 4777 4779 4780 4787 4802 4805 4806 4807 4818 4856 4860 4867 4896 4897 4899 4918 4919 4920 4940 4944 4951 4973 4978 4983 4984 4986 4990 4992 5002 5013 5033 5049 5050 5060 5066 5071 5075 5078 5080 5089 5105 5106 5109 5117 5127 5137 5154 5155 5167 5178 5181 5185 5186 5190 5200 5218 5221 5222 5226 5237 5239 5242 5243 5259 5274 5277 5282 5313 5316 5331 5333 5341 5350 5351 5365 5383 5398 5402 5403 5419 
	}
	weather={
	}
}
