
strategic_region={
	id=32
	name="STRATEGICREGION_32"
	provinces={
		3559 3601 3603 3604 3607 3608 3609 3610 3611 3614 3615 3623 3640 3671 3686 3687 3700 3705 3706 3710 3711 3712 3718 3719 3720 3721 3724 3736 3791 3794 3803 3804 3809 3810 3811 3812 3813 3814 3815 3816 3831 3841 3851 3863 3874 3877 3878 3879 3880 3910 3927 3928 3929 3930 3931 3933 3934 3935 3936 3940 3941 3942 3943 3963 3969 3970 4006 4009 4014 4015 4018 4019 4020 4021 4022 4023 4024 4025 4026 4027 4030 4031 4032 4038 4043 4044 4074 4075 4095 4116 4123 4130 4131 4132 4133 4134 4135 4137 4138 4139 4154 4155 4156 4157 4158 4213 4214 4216 4217 4218 4219 4221 4222 4225 4226 4229 4238 4241 4244 4245 4251 4280 4305 4309 4311 4312 4313 4314 4315 4316 4319 4320 4321 4322 4326 4363 4365 4374 4391 4402 4403 4404 4408 4409 4415 4416 4417 4421 5599 
	}
	weather={
	}
}
