
strategic_region={
	id=33
	name="STRATEGICREGION_33"
	provinces={
		2028 2029 2030 2155 2176 2178 2179 2180 2181 2182 2183 2184 2185 2187 2188 2189 2190 2191 2224 2229 2240 2248 2276 2283 2284 2287 2293 2294 2301 2303 2305 2311 2312 2386 2390 2391 2392 2393 2394 2399 2400 2409 2410 2413 2415 2419 2439 2451 2453 2465 2493 2494 2495 2522 2523 2528 2532 2535 2544 2549 2550 2551 2560 2564 2570 2590 2596 2604 2605 2630 2631 2643 2647 2648 2653 2668 2680 2700 2708 2717 2718 2722 2723 2724 2728 2732 2750 2766 2777 2778 2779 2780 2784 2790 2791 2792 2793 2796 2830 2834 2837 2844 2865 2870 2871 2901 2910 2914 2920 2924 2925 2929 2964 2970 2971 2976 2998 3018 3019 3032 3033 3044 3055 3061 3098 3102 3124 3125 3126 3131 3151 3152 3164 3181 3191 3192 3201 3229 3242 3244 3248 3288 3289 3294 3320 3323 3325 3330 3335 3354 3359 3372 3373 3378 3401 3404 3405 3410 3420 3447 3448 3449 3473 3477 3511 3512 3515 3526 3536 3537 3557 3558 
	}
	weather={
	}
}
