
strategic_region={
	id=34
	name="STRATEGICREGION_34"
	provinces={
		1190 1199 1200 1205 1206 1207 1211 1221 1237 1256 1278 1293 1307 1312 1327 1335 1336 1361 1362 1368 1375 1378 1384 1385 1387 1388 1413 1424 1425 1431 1453 1456 1457 1480 1481 1494 1495 1496 1540 1545 1550 1557 1561 1562 1582 1583 1584 1587 1597 1628 1634 1637 1646 1659 1662 1683 1698 1699 1702 1703 1707 1708 1709 1711 1712 1718 1735 1736 1757 1758 1759 1760 1762 1781 1803 1807 1811 1819 1825 1828 1829 1830 1843 1847 1848 1853 1875 1896 1900 1921 1929 1936 1937 1938 1939 1943 1944 1950 1951 1995 1999 2000 2001 2020 2027 2054 2067 2072 2077 2078 2083 2084 2092 2105 2114 2132 2134 2154 
	}
	weather={
	}
}
