
strategic_region={
	id=36
	name="STRATEGICREGION_36"
	provinces={
		119 134 149 161 180 183 201 202 236 240 241 242 257 281 293 303 305 306 307 309 313 318 319 320 321 326 333 339 345 348 349 350 355 360 362 367 369 371 372 374 376 381 382 390 391 395 401 402 408 410 413 416 418 420 424 425 426 427 428 429 431 433 436 437 440 444 448 449 452 453 454 459 466 472 473 475 477 483 484 487 489 490 492 495 496 508 510 519 520 521 522 523 527 528 541 542 547 548 552 556 557 564 572 573 576 580 582 585 587 594 595 602 603 612 613 614 616 617 621 625 626 639 642 646 647 657 658 661 662 664 665 667 671 673 684 688 690 695 700 704 708 709 713 716 720 723 724 726 734 736 760 763 770 771 774 776 779 780 782 783 785 786 787 790 791 806 808 809 810 814 832 837 844 845 846 849 850 864 865 869 871 873 878 879 884 886 888 889 890 894 898 906 921 922 930 946 956 957 963 971 979 981 982 983 986 987 988 989 990 991 992 998 1005 1018 1030 1034 1035 1036 1037 1041 1068 1069 1073 1074 1075 1076 1077 1080 1081 1082 1083 1084 1088 1089 1090 1109 1118 1122 1140 1147 1154 1156 1157 1159 1160 1170 1171 1172 1178 1179 1180 1181 1185 1186 1187 1188 1194 1195 1196 1197 1198 1204 1210 1212 1252 1253 1270 1276 1282 1283 1284 1285 1286 1287 1288 1289 1290 1291 1292 1297 1298 1299 1303 1306 1319 1377 1393 1394 1397 1398 1399 1402 1403 1404 1461 1526 1527 1528 1537 1538 1539 1650 1651 1655 1656 1657 1769 1774 1775 1776 1780 1812 1833 1906 1907 1908 1909 1913 1914 1968 1982 2058 2059 2060 2061 2066 
	}
	weather={
	}
}
