
strategic_region={
	id=38
	name="STRATEGICREGION_38"
	provinces={
		2335 2336 2356 2357 2358 2359 2360 2361 2362 2363 2364 2365 2366 2367 2368 2369 2370 2371 2372 2382 2389 2452 2455 2458 2463 2464 2476 2477 2481 2482 2483 2484 2485 2491 2492 2500 2503 2509 2515 2516 2517 2521 2527 2559 2569 2589 2595 2610 2611 2613 2614 2615 2619 2620 2621 2622 2629 2639 2652 2658 2667 2678 2679 2686 2689 2690 2699 2703 2725 2726 2727 2731 2742 2743 2748 2759 2765 2770 2771 2782 2789 2795 2802 2807 2815 2816 2817 2818 2819 2846 2849 2853 2854 2857 2864 2897 2900 2908 2909 2923 2940 2941 2946 2947 2961 2962 2963 2974 2975 2980 2986 2990 2991 2993 2994 3005 3017 3028 3029 3030 3031 3037 3050 3054 3063 3064 3065 3066 3067 3086 3087 3097 3107 3113 3114 3115 3121 3122 3123 3129 3130 3143 3149 3150 3180 3199 3216 3232 3261 3262 3267 3268 3270 3271 3272 3273 3274 3275 3283 3284 3285 3293 3304 3307 3308 3309 3319 3329 
	}
	weather={
	}
}
