
strategic_region={
	id=39
	name="STRATEGICREGION_39"
	provinces={
		3419 3433 3434 3435 3436 3437 3438 3439 3440 3441 3442 3443 3444 3453 3454 3460 3483 3488 3498 3513 3514 3535 3538 3539 3540 3541 3542 3543 3544 3545 3546 3597 3600 3639 3644 3655 3660 3661 3665 3666 3667 3668 3669 3689 3702 3727 3735 3745 3746 3747 3748 3749 3763 3764 3765 3778 3780 3781 3784 3785 3786 3789 3829 3837 3840 3849 3855 3862 3884 3889 3891 3894 3895 3896 3897 3898 3899 3900 3901 3920 3926 3962 3987 3988 3992 3993 3996 3997 3998 3999 4000 4001 4002 4003 4004 4005 4040 4041 4084 4085 4087 4088 4103 4107 4108 4109 4110 4113 4151 4153 4168 4188 4189 4237 4250 4253 4263 4279 
	}
	weather={
	}
}
