
strategic_region={
	id=49
	name="STRATEGICREGION_49"
	provinces={
		1079 1105 1106 1108 1262 1296 1302 1305 1308 1345 1367 1418 1442 1443 1448 1449 1500 1544 1549 1564 1570 1654 1667 1671 1677 1704 1705 1956 1959 1962 1963 1964 1965 1966 2057 2124 2171 2197 2254 2279 2285 2286 2306 2310 2330 2408 2418 2428 2429 2499 2508 2520 2534 2594 2609 2618 2627 2657 2664 2729 2740 2747 2755 2774 2788 2841 2842 2845 2878 2879 2918 2927 2959 2988 2989 2997 3003 3004 3023 3043 3049 3060 3074 3079 3174 3176 3195 3206 3207 3218 3219 3237 3282 3286 3291 3317 3321 3357 3400 3409 3446 3519 3723 3742 3828 3836 3886 3887 3890 
	}
	weather={
	}
}
