
strategic_region={
	id=8
	name="STRATEGICREGION_8"
	provinces={
		3612 3622 3628 3632 3648 3692 3695 3715 3753 3777 3822 3827 3876 3883 3915 3918 3938 3948 3960 4029 4046 4051 4052 4053 4054 4055 4076 4077 4078 4079 4080 4081 4111 4112 4114 4115 4126 4140 4142 4148 4152 4161 4162 4170 4172 4178 4187 4193 4194 4195 4196 4204 4208 4220 4224 4231 4252 4260 4272 4273 4282 4283 4284 4287 4293 4297 4304 4310 4318 4324 4325 4328 4330 4332 4335 4355 4366 4373 4375 4376 4396 4400 4410 4436 4441 4443 4488 4520 4536 4597 4609 4629 4685 4691 4705 
	}
	weather={
	}
}
