
strategic_region={
	id=9
	name="STRATEGICREGION_9"
	provinces={
		3332 3333 3337 3338 3339 3340 3341 3342 3343 3344 3345 3348 3349 3363 3369 3370 3388 3414 3417 3452 3457 3462 3463 3470 3471 3478 3479 3485 3491 3497 3501 3502 3508 3517 3518 3522 3523 3527 3528 3549 3553 3554 3562 3567 3570 3577 3578 3579 3587 3591 3593 3595 3598 3599 3606 3626 3630 3631 3642 3643 3647 3653 3657 3664 3673 3677 3680 3681 3685 3690 3691 3698 3701 3703 3707 3708 3709 3733 3739 3740 3741 3752 3770 3779 3788 3790 3793 3800 3807 3820 3821 3824 3825 3826 3835 3838 3844 3846 3847 3860 3869 3875 3882 3892 3907 3908 3914 3923 3924 3937 3947 3951 3966 3974 3975 3979 3980 3984 4028 
	}
	weather={
	}
}
