
state={
	id=1
	name="STATE_1"

	history={
		owner = CAN
		add_core_of = CAN

	}
	
	state_category = large_city

	provinces={
		4039 4086 4169 4192 4212 4240 4243 4281 4286 4329 4356 4385 4405 4418 4424 4431 4444 4452 4460 4498 4527 4538 4555 4562 4578 4585 4594 4595 4602 4607 4611 4615 4632 4674 4696 4749 4758 4776 4781 4800 4819 4820 4821 4822 4823 4835 4836 4837 4842 4851 4853 4866 4870 4871 4877 4880 4889 4890 4891 4895 4898 4901 4908 4910 4914 4917 4921 4923 4927 4928 4931 4934 4936 4939 4941 4947 4952 4961 4962 4970 4971 4993 4994 4996 4997 4998 5001 5003 5005 5006 5009 5015 5017 5023 5034 5039 5054 5058 5059 5062 5063 5064 5067 5068 5087 5095 5096 5099 5113 5115 5119 5124 5132 5133 5138 5139 5164 5173 5182 5187 5193 5196 5209 5213 5214 5219 5228 5232 5246 5247 5249 5265 5286 5290 5291 5294 5305 5319 5324 5325 5332 5335 5336 5345 5346 5347 5352 5355 5361 5369 5373 5375 5378 5388 5395 5396 5404 5410 5415 5417 5420 5421 5422 5423 5424 5425 5427 5428 5429 5430 5431 5432 5433 5434 5435 5436 5437 5438 5439 5440 5441 5442 5443 5444 5445 5446 5447 5448 5449 5450 5451 5453 5454 5455 5456 5457 5458 5459 5460 5461 5462 5463 5464 5465 5466 5467 5468 5469 5470 5471 
	}
	manpower=3093626
	buildings_max_level_factor=1.000
	state_category=town
}
