state={
	id=36
	name="STATE_36"
		resources={
		rubber = 19
		oil = 305
		aluminum = 77
	}
	history={
		owner = OKL
		add_core_of = OKL
		buildings = {
			arms_factory = 2
			industrial_complex = 4
			dockyard = 1
			1801 = {
				naval_base = 3
			}
		}
		1858.1.11 = {
			owner = ASU
			controller = ASU
			add_core_of = ASU
		}

	}
	state_category = large_city
	provinces={
		1354 1360 1370 1400 1405 1408 1409 1429 1430 1452 1462 1477 1478 1479 1485 1486 1487 1523 1529 1530 1552 1555 1556 1560 1585 1586 1590 1591 1592 1595 1611 1612 1621 1622 1636 1639 1640 1645 1658 1678 1679 1687 1688 1694 1697 1706 1726 1740 1741 1749 1752 1756 1797 1800 1801 1802 1809 1810 1813 1816 1818 1827 1834 1840 1846 1851 1852 1857 1862 1863 1872 1873 1874 1899 1910 1911 1915 1927 1928 1935 1942 1958 1960 1969 1976 1980 1993 1994 2007 2010 2011 2050 2053 2062 2063 2071 2076 2089 2090 2091 2096 2097 2103 2104 2113 2153 2161 2164 2172 2175 2186 2204 2218 2219 2220 2221 2226 2227 2228 2232 2244 2247 2262 2263 2274 2275 2292 2318 
	}
	manpower=1000000
	buildings_max_level_factor=1.000
}
