state={
	id=54
	name="STATE_54"
		resources={
		wood = 48
	}
	history={
		owner = NEB
		add_core_of = MON
		buildings = {
			arms_factory = 2
			industrial_complex = 4
		}

	}
	state_category = large_city
	provinces={
		4694 4708 4710 4724 4768 4786 4790 4801 4826 4827 4828 4829 4830 4831 4832 4833 4858 4861 4873 4879 4906 4909 4913 4925 4930 4935 4950 4955 4959 4963 4972 4980 4985 4989 4995 4999 5000 5008 5012 5016 5018 5053 5065 5069 5074 5079 5082 5083 5091 5093 5100 5108 5116 5121 5126 5131 5135 5144 5147 5159 5160 5161 5166 5170 5171 5180 5183 5189 5191 5192 5195 5199 5203 5205 5210 5217 5220 5227 5230 5234 5238 5260 5272 5273 5276 5278 5279 5281 5287 5288 5292 5293 5297 5298 5302 5303 5304 5310 5337 5343 5344 5348 5349 5358 5360 5362 5363 5364 5366 5370 5371 5372 5374 5379 5380 5382 5387 5389 5394 5397 5399 5409 
	}
	manpower=2884
	buildings_max_level_factor=1.000
}
