state={
	id=64
	name="STATE_64"
	history={
		owner = MEJ
		add_core_of = MEJ

	}
	state_category = large_city
	provinces={
		7 10 11 12 13 14 15 16 17 18 19 20 21 22 23 24 25 26 27 28 29 30 31 32 33 34 35 36 60 61 62 63 64 66 68 70 71 72 73 74 75 77 78 79 80 81 82 83 84 85 86 89 91 92 93 94 95 98 99 101 102 103 104 106 107 108 109 110 112 115 117 118 120 121 123 124 125 126 128 129 131 132 133 136 138 139 140 141 143 144 145 146 147 148 151 152 157 158 159 160 163 164 167 170 173 175 181 184 185 187 188 191 193 194 198 199 200 204 205 206 208 209 210 212 213 214 217 218 219 220 224 225 226 227 229 230 231 232 235 238 239 245 247 249 250 253 258 259 260 264 265 266 267 270 271 274 275 276 279 280 287 291 292 295 296 301 302 304 308 310 315 316 317 322 323 325 328 329 332 334 335 338 343 344 346 347 351 352 353 361 363 366 375 378 379 380 383 387 388 394 396 399 405 407 412 434 439 443 445 456 457 458 462 463 464 467 482 503 506 507 513 514 518 531 533 534 537 544 550 551 553 563 571 579 581 584 590 597 606 611 631 638 648 650 656 660 666 670 677 683 699 703 712 719 722 735 758 759 769 777 778 857 977 978 
	}
	manpower=7600000
	buildings_max_level_factor=1.000
}
